-1.729770475457521854e+06
1.596370541287237965e+07
9.524237698692982667e+04
-4.230468662630551495e+06
1.171086254582972825e+07
1.305769060324093886e+07
2.523412701028457284e+07
-1.690231025383726880e+07
-2.329726328649675939e+06
-1.178194490570100024e+07
2.790794567364286631e+06
-3.287040268613628298e+07
-7.222425127906898269e+05
-2.815952384458671138e+07
-2.420209523392253555e+06
-2.289656152914386615e+07
-7.091909818037622608e+06
-7.779872668042698875e+06
3.843498735098940320e+06
3.694070626294177026e+07
6.508419475365520455e+06
2.128954407374710590e+07
-8.116438268294022419e+06
3.911100546828266815e+05
-1.025160312803621218e+07
1.285541669349825755e+07
-1.155243916864407435e+07
4.108860554301749449e+06
1.146387902938452736e+07
1.676622805800868664e+06
4.441797889774308354e+07
4.122502231139586307e+06
-1.553350181590966880e+07
4.609900392211745493e+06
-1.173578172990725562e+07
-8.318535803661806509e+06
1.025159892580537312e+07
1.057797707163373567e+07
7.051065677005194128e+06
1.713432503197869286e+07
1.976793960967588238e+06
-2.119575400960249081e+07
-9.597168074411492795e+06
3.298829845052992925e+06
8.401945056170165772e+05
2.838925991000416502e+07
-1.604893533965818584e+07
-1.791511882632718608e+07
1.424960760212084465e+07
7.318535104294318706e+06
1.477019098388607800e+07
7.233399345757906139e+07
-9.881760762445641682e+06
5.902550117682407610e+06
-1.028860910982683650e+06
-6.133176146254700609e+06
-4.456725408876567148e+06
-5.240820945562744141e+07
2.189187634139177389e+06
-1.067724182015939988e+07
1.004641257299450040e+07
4.386906252840410918e+07
1.723662660453317687e+07
1.557117800453091785e+07
-3.126058645187904593e+06
-2.171107788991896901e+06
-1.987782903310183063e+07
1.356042079165976960e+06
-1.893076986206512153e+07
-1.989575130538386106e+07
1.101431553203632310e+07
3.135440670230593998e+06
1.308839689824094065e+06
2.068902895208364353e+07
2.374727950707507133e+07
-1.383872956516193226e+06
3.621938005019459873e+06
-7.364476713345086202e+06
-9.127309604392578825e+06
-6.129092504084879532e+06
-1.269595333863563091e+07
2.116453297974307835e+07
6.623027065598220797e+05
-3.620088430927082896e+06
2.059736752461765334e+07
-6.710103900128502399e+06
-5.607229340389953554e+07
1.166572188534116931e+07
1.003778710341554368e+06
-1.269193242304016277e+07
1.046890874503527395e+07
1.409764768667534553e+07
-4.587106760036963038e+06
-7.453731976505643688e+06
-7.135438212978804950e+05
-1.568910272903456725e+07
-3.074066027976548765e+06
3.287772733082471043e+07
-2.735933053253937047e+06
1.021658875618869066e+07
6.674713926201120764e+07
-3.919626572797469795e+06
-3.556379171614857391e+06
-2.157595051571796462e+07
-2.444468338086309284e+07
6.512222414539606310e+06
5.885073550306160934e+06
-1.498840946372972103e+05
-1.154693291050621495e+07
-4.228673558761164546e+06
-8.076420455480070785e+06
-7.641862304412349127e+06
6.790363674882722087e+06
-2.387636508827060834e+07
-2.720036499524078146e+07
-2.361439607933833450e+07
9.803875742500411347e+06
6.487922560871602967e+06
-1.342564428617177345e+07
-2.083203341550510004e+07
-2.198550937188996933e+06
-2.198125785193256661e+07
-2.675470461236314103e+07
-4.370280881087868661e+07
8.280980551583236083e+06
-2.687573324564457871e+06
-6.588730486332815140e+06
-3.874086825599623471e+07
-1.196566456223022752e+07
2.276625111532020569e+07
4.179193780169714242e+06
-9.797505228595338762e+06
6.569513817051277729e+05
-1.569940858817441761e+07
-2.312927061742058955e+06
5.674027805124226213e+07
-5.317733296025454183e+04
4.391117948326808400e+06
-5.689041318720933050e+07
1.253324075288960338e+07
-2.734444653810733929e+07
-1.267149062953310646e+07
7.926894112279552966e+06
1.971620085790073872e+07
7.444766603868861683e+06
-4.543584479111074656e+07
1.644183380435793847e+07
-1.587484957011759095e+07
1.422486421578723006e+07
-6.108641324236165732e+06
1.444979699809267558e+07
2.670233726480788738e+07
-1.864110449626453221e+07
-1.093384671011485159e+07
-7.031896823764768429e+06
1.583372329493274912e+07
-3.276359808729335200e+06
7.235718116796677932e+06
1.568182086356088705e+07
5.005480971315535158e+07
1.696517607980970666e+07
-2.069885346601719409e+07
-8.149064138104598969e+05
5.221400334818938747e+06
-1.009306106395807490e+07
1.748170757498832187e+06
1.627826862280428968e+07
-4.722487657274740748e+06
-4.280427092253805138e+06
1.453443534614798985e+07
-1.236113424640421569e+07
2.325441386591682583e+07
4.852515840242546983e+06
-6.114912375608052127e+06
2.505801065613750368e+07
2.020225088610038161e+07
-6.808614617859017104e+06
-1.236309874918296747e+07
9.211590031514735892e+06
-2.401229318593852222e+07
-2.496260103201040532e+06
1.914185418179573864e+07
-2.438210088861490786e+07
2.958573038206134737e+07
-1.121472734171262756e+07
2.888213353660475928e+06
2.154309071349227056e+07
-1.410982625975229032e+07
-1.463133013205729052e+07
1.459323833153742552e+07
-8.545213285674661398e+06
5.951170411240962334e+06
-8.870675446169126779e+06
-6.248628804113648366e+05
9.018789645656786859e+06
2.101955208444448188e+06
-1.128141486804317916e+06
-4.875285458203354850e+06
2.832002233640632406e+07
-2.805122199407020584e+07
-6.630150659954999574e+06
-6.123726255932614207e+07
3.524756425950646400e+07
-1.800644247594942153e+07
-1.602756933820141479e+07
4.517807941376566887e+06
-1.489730262104402669e+07
4.996429455318100750e+06
4.566710799220703542e+06
2.382681511704205349e+07
6.524684778558333637e+05
2.115466857984743640e+07
-1.593387927629231662e+07
1.910570215412344784e+06
2.560295287351026665e+06
2.091041717984154075e+07
-9.127066567763932049e+06
-4.912019187441123649e+06
-1.260479534911793307e+05
2.747666426764816046e+07
-7.988331498408624902e+05
